1.000000000000000000e+00
6.000000000000000000e+01
0.000000000000000000e+00
1.000000000000000000e+00
6.000000000000000000e+01
0.000000000000000000e+00
1.000000000000000000e+00
6.000000000000000000e+01
0.000000000000000000e+00
1.000000000000000000e+00
6.000000000000000000e+01
0.000000000000000000e+00
1.000000000000000000e+00
6.000000000000000000e+01
0.000000000000000000e+00
1.000000000000000000e+00
6.000000000000000000e+01
0.000000000000000000e+00
1.000000000000000000e+00
6.000000000000000000e+01
0.000000000000000000e+00
1.000000000000000000e+00
6.000000000000000000e+01
0.000000000000000000e+00
1.000000000000000000e+00
6.000000000000000000e+01
0.000000000000000000e+00
1.000000000000000000e+00
6.000000000000000000e+01
0.000000000000000000e+00
1.000000000000000000e+00
6.000000000000000000e+01
0.000000000000000000e+00
6.000000000000000000e+01
0.000000000000000000e+00
-2.712290499999999884e+05
-9.034495200000000059e-01
1.000000000000000000e+00
6.000000000000000000e+01
0.000000000000000000e+00
6.000000000000000000e+01
0.000000000000000000e+00
-2.325742326999999932e+05
-9.696305469999999538e-01
1.000000000000000000e+00
6.000000000000000000e+01
0.000000000000000000e+00
6.000000000000000000e+01
0.000000000000000000e+00
-2.302383726000000024e+05
-1.272189851999999899e+00
1.000000000000000000e+00
6.000000000000000000e+01
0.000000000000000000e+00
6.000000000000000000e+01
0.000000000000000000e+00
-2.596681922999999952e+05
-1.586467024999999920e+00
1.000000000000000000e+00
6.000000000000000000e+01
0.000000000000000000e+00
6.000000000000000000e+01
0.000000000000000000e+00
-1.160565507999999973e+05
-1.691353812000000012e+00
1.000000000000000000e+00
1.043800400000000073e-02
0.000000000000000000e+00
1.000000000000000000e+00
1.858047599999999855e-02
0.000000000000000000e+00
1.000000000000000000e+00
5.770956199999999897e-02
0.000000000000000000e+00
1.000000000000000000e+00
2.359179949999999915e-01
0.000000000000000000e+00
1.000000000000000000e+00
1.006638739000000005e+00
0.000000000000000000e+00
1.000000000000000000e+00
6.000000000000000000e+01
0.000000000000000000e+00
6.000000000000000000e+01
0.000000000000000000e+00
-3.386573105000000214e+04
-8.283458689999999569e-01
1.000000000000000000e+00
6.000000000000000000e+01
0.000000000000000000e+00
6.000000000000000000e+01
0.000000000000000000e+00
-3.084703269000000000e+04
-8.942504359999999819e-01
1.000000000000000000e+00
6.000000000000000000e+01
0.000000000000000000e+00
6.000000000000000000e+01
0.000000000000000000e+00
-6.894406841999999597e+04
-1.272189851999999899e+00
1.000000000000000000e+00
6.000000000000000000e+01
0.000000000000000000e+00
6.000000000000000000e+01
0.000000000000000000e+00
-1.312975298999999941e+05
-1.586467024999999920e+00
1.000000000000000000e+00
6.000000000000000000e+01
0.000000000000000000e+00
6.000000000000000000e+01
0.000000000000000000e+00
-1.820963462000000000e+05
-1.691353812000000012e+00
