2.340559648999999922e+02
1.452697092000000112e+03
4.918057871000000159e+05
2.876105057999999985e+02
1.450730015000000094e+03
4.613641823999999906e+05
4.482115913999999748e+02
1.434055603000000019e+03
4.595696181000000215e+05
7.040728094999999485e+02
1.401993694999999889e+03
4.520010915999999852e+05
8.490143801000000394e+02
1.383835587000000032e+03
4.541036288000000059e+05
2.340559648999999922e+02
1.452697092000000112e+03
4.918057871000000159e+05
2.876105057999999985e+02
1.450730015000000094e+03
4.613641823999999906e+05
4.482115913999999748e+02
1.434055603000000019e+03
4.595696181000000215e+05
7.040728094999999485e+02
1.401993694999999889e+03
4.520010915999999852e+05
8.490143801000000394e+02
1.383835587000000032e+03
4.541036288000000059e+05
2.255603092000000061e+02
1.470000000000000000e+03
6.839654567999999699e+02
1.470000000000000000e+03
6.183501402000000235e+05
2.187904334000000090e+05
2.002652272999999816e+00
2.753971285999999736e+02
1.470000000000000000e+03
6.795926937000000407e+02
1.470000000000000000e+03
6.188492389999999432e+05
2.015321044000000111e+05
2.197595666999999864e+00
4.097914041000000225e+02
1.470000000000000000e+03
6.712165251999999782e+02
1.470000000000000000e+03
6.135320006999999750e+05
2.037525321999999869e+05
2.422158496999999855e+00
6.392974831000000222e+02
1.470000000000000000e+03
6.681753948000000491e+02
1.470000000000000000e+03
5.410816892999999691e+05
1.767352533000000112e+05
2.656716158000000050e+00
7.482480420000000549e+02
1.470000000000000000e+03
6.747529213000000254e+02
1.470000000000000000e+03
4.795829004999999888e+05
1.225627497000000003e+05
2.703680465000000144e+00
2.255603092000000061e+02
1.505784517000000000e+09
5.670000000000000000e+17
2.753971285999999736e+02
1.505784517000000000e+09
5.670000000000000000e+17
4.097914041000000225e+02
1.505784517000000000e+09
5.670000000000000000e+17
6.392974831000000222e+02
1.505784517000000000e+09
5.670000000000000000e+17
7.482480420000000549e+02
1.505784517000000000e+09
5.670000000000000000e+17
2.251806809999999928e+02
1.470000000000000000e+03
6.776662933999999723e+02
1.470000000000000000e+03
4.592340883000000031e+05
4.880724214999999822e+04
2.075580823000000130e+00
2.747747501000000057e+02
1.470000000000000000e+03
6.803677459000000454e+02
1.470000000000000000e+03
4.649727368000000133e+05
4.909014592999999877e+04
2.293737769999999898e+00
4.076650099999999952e+02
1.470000000000000000e+03
6.797437387999999601e+02
1.470000000000000000e+03
4.749300291999999899e+05
5.732924597000000358e+04
2.546912454000000103e+00
6.357944459000000279e+02
1.470000000000000000e+03
6.849997749000000340e+02
1.470000000000000000e+03
5.014297040999999736e+05
7.045146016000000236e+04
2.760701263000000072e+00
7.482480420000000549e+02
1.470000000000000000e+03
6.687175075000000106e+02
1.470000000000000000e+03
4.802370447999999742e+05
1.264431790000000037e+05
2.811225698999999967e+00
